+13472043370
+13477415727
+12012688768
+12125647757
+17183223154
+17188507073
+17184410205
+17186443966
+16464272885
+16317745039
+17188464329
+17182170126
+13477242716
+15167761512
+13475932810
+17188500287
+17185004618
+13477315951
+13476657914
+17188494387
+13479880253
+17188434899
+19176282057
+13478068151
+17183962920
+19178634897
+13767850146
+17186691305
+17188504182
+17189698418
+19174395235
+19176225842
+19296058628
+19172024790
+13472191012
+16467039505
+16463596554
+19172702567
+17187387767
+13477289680
+19175285404
+19175604246
+19597574155
+15169469818
+19297574155
+16467857278
+17188430121
+17184416617
+17188432886
+19292781164
+19179125571
+19295266045
+13323312488
+13473676232
+19179458789
+17186691793
+17186570029
+19177543006
+17183122383
+17188430060
+13473623348
+15162045848
+16315245156
+19296782724
+17182620477
+19179361192
+13475756096
+17188455610
+19293726751
+19176780831
+17182761390
+16312918208
+19176827372
+17188490172
+13474182210
+13473935869
+19292649172
+17185582115
+19146499161
+17184026130
+19178468277
+13476658437
+17188352143
+13476248007
+19295132205
+13473870016
+19176673002
+16463713685
+13473135787
+19293886760
+17188457646
+17184820909
+17188437208
+19176815131
+17186419338
+13478662089
+17188469069
+17182190234
+19172265815
+17186417991
+17187779202
+17183221555
+13478615627
+17183148070
+13476261927
+19174201390
+17185280168
+17185263133
+15182944223
+16468852295
+17187044443
+17182972985
+12124772541
+17186475523
+13474376147
+17188649447
+19292712080
+13472829195
+13475433283
+17188507860
+13476539498
+19175325356
+17188496360
+16467407476
+19292458563
+17185574367
+16467427989
+17189304070
+17182766728
+17188016637
+16464418620
+17185291913
+13474572428
+19175876376
+13475613499
+19295301907
+17189845151
+16463267695
+19176751009
+19177493019
+13473997812
+13477599944
+17182684700
+18134046951
+18608654820
+13478197850
+19174342472
+17185296021
+13472562737
+14157379622
+17188432952
+17188888747
+17183665365
+17188505327
+16464319338
+17184337743
+17184542100
+12125385868
+17188474596
+17188456754
+19174429831
+17184411306
+17189533097
+17188018674
+17188484993
+19293838674
+17188497730
+13476313920
+12626867447
+17187387405
+17188053413
+17182522562
+17187383068
+16466842034
+15169241269
+19175806540
+19293697357
+17188476558
+13476908038
+16464620095
+16464202451
+12019193375
+19292884767
+17189737734
+17188458948
+16468971319
+15706888143
+16095580598
+17188352954
+16464500031
+13475699612
+17187386837
+13222159935
+16466001967
+17185258899
+17186347172
+17185299772
+16467334783
+19172880105
+13479355303
+16464317764
+13474638857
+19293703342
+13477746137
+13473762538
+17184065751
+15163144320
+12013577118
+13475287940
+19179574616
+19176020223
+17188150689
+13476234460
+19174210965
+19174782609
+13473005375
+16462759114
+19296297301
+17186499495
+13472574726
+19173346108
+17185443600
+17185298732
+19293476297
+19294556040
+13475531570
+17188055736
+19173851730
+17188468726
+17188482077
+19175136523
+13476056625
+17186419337
+17188431289
+16468521552
+17182961218
+17183232598
+17186071028
+13472419847
+17189092570
+17187381100
+16462253388
+16463428157
+17189519009
+16462674052
+13473341480
+17188482047
+17183239219
+18553224357
+19178628823
+17188476778
+13476595021
+17186647653
+17186411200
+13479691912
+13479545517
+13472669060
+17187653233
+16469751052
+17185186827
+17186411866
+17184550640
+14072527837
+16462449428
+16468086543
+19299906122
+17184411569
+13473917189
+16315422628
+13472457204
+19172173457
+19297125829
+19178481209
+15162381684
+16892703538
+16469962192
+15163121423
+17186690628
+17183225936
+17188453315
+17188454839
+19582804123
+19172886074
+16312540420
+16465801235
+16465418050
+17186411217
+13474187924
+17182771934
+17188500644
+17188482357
+17183663900
+17183141910
+17184411012
+19174712684
+16463016558
+17188547300
+16463377414
+19177577877
+12037222321
+16464860044
+13478063563
+13473203498
+17186417172
+19175170288
+17188471326
+13476987779
+17188465237
+17818481289
+14675918227
+19296319070
+17186854024
+19175745525
+17183223538
+17182744500
+17183234545
+19292337647
+19294109036
+15185428525
+13479688367
+17183504690
+13475616683
+13478132310
+17187395389
+17182199210
+17185308638
+15619070941
+13475902874
+16467998529
+17188464119
+13479830161
+13478451686
+12127995000
+13475647845
+12129985196
+19174765165
+13472574244
+16464798240
+19173734078
+16465238628
+13475319473
+16469845676
+16468842703
+13478061831
+13475927926
+17183167587
+16469180694
+16125325625
+17188667246
+17876742551
+19175385728
+13106281922
+13477200968
+16312204478
+16464182256
+16466560430
+17186407924
+17188444044
+18607123393
+19143485776
+19144202057
+19145528859
+19172382644
+19175922719
+19176475560
+19177432835
+12123806989
+12127766383
+13059051271
+13308190872
+13472728130
+13472858951
+13472891148
+13475003825
+13475637311
+13475768615
+13478458176
+13479251646
+13479637193
+13479948830
+14012156533
+15165401815
+16462073996
+16464895520
+16465488282
+16786378609
+17186742756
+17188013361
+17326825117
+18326208991
+19172149848
+19174348398
+19174989317
+19175143532
+19175179847
+19175301560
+19176231925
+19176278770
+19176363775
+19176515483
+19177041062
+19177488487
+19178088526
+13123511819
+13477826900
+13477958868
+16467185788
+17187445103
+17187815214
+17188668844
+19176424339
+19297897040
+15163300172
+19174993913
+19175236058
+13057850554
+19176641502
+19173642858
+16315754128
+17189027248
+15162091954
+19177010250
+19179690629
+19177551234
+16465232597
+19177495077
+19176672771
+16464701028
+19172265468
+19738689100
+19099732345
+19174567414
+19173747546
+13479323041
+19172916289
+16464790446
+17183443376
+16464022501
+17183098226
+19177838624
+13475738628
+13475723570
+15169743340
+15166508891
+17184144048
+19172505212
+19176278097
+13472191370
+15168508646
+19176813872
+13472642247
+14162580038
+13478854566
+19172253570
+19737682165
+13108777751
+16462023220
+17185780470
+15167211828
+13475533016
+19546559119
+13473019374
+17182497203
+14154088776
+13472734235
+17087384083
+14042345773
+13477467706
+17023284125
+16176940019
+19176533322
+19177170161
+19174059752
+19203620502
+19174953592
+16032529109
+17862816060
+15166523554
+15163501928
+19178424554
+13478706223
+19176875603
+13233148816
+12019067650
+18628888399
+19147744944
+14158601814
+19174202742
+19292640267
+13474154546
+19177909664
+19143096397
+19143156050
+18052522855
+17188776945
+14847885755
+16464984224
+19179024594
+17325702881
+12035369130
+19083979529
+12032498727
+13474321035
